      0/49        0G   0.07096   0.01629   0.04852    0.1358        18       416 0.0005583  0.007005  4.64e-05   8.4e-06   0.09891   0.02278    0.0597
      1/49        0G   0.06773   0.01772   0.04808    0.1335        33       416  0.001252   0.01846 0.0002682 3.428e-05   0.09769   0.01963   0.06035
      2/49        0G   0.06583   0.01844   0.04722    0.1315         9       416  0.002484     0.133  0.001787 0.0003362   0.09401   0.02029   0.04854
      3/49        0G   0.06315   0.01929   0.04649    0.1289        21       416   0.04747    0.1329  0.004758  0.001122   0.08395    0.0223   0.04701
      4/49        0G   0.05931   0.02027   0.04584    0.1254        37       416   0.01221    0.1374  0.007143  0.002428   0.07734   0.02302   0.04676
      5/49        0G   0.05629   0.02054   0.04556    0.1224        14       416  0.007607   0.09784  0.006981    0.0021   0.08137   0.02334   0.04686
      6/49        0G   0.05461    0.0197   0.04507    0.1194        35       416   0.01186      0.13  0.006076  0.001768   0.07434   0.02278    0.0467
      7/49        0G   0.05234   0.02041   0.04498    0.1177        55       416   0.01269    0.2205  0.009782  0.002622   0.07366   0.02265   0.04701
      8/49        0G   0.05051    0.0211   0.04498    0.1166        36       416   0.01686   0.07902   0.01422  0.004524   0.07321   0.02228   0.04697
      9/49        0G    0.0489   0.02084   0.04494    0.1147        43       416   0.01468     0.179   0.01274  0.004288   0.06901   0.02319    0.0469
     10/49        0G   0.04802   0.02096   0.04481    0.1138        35       416   0.02772    0.1164   0.02312  0.008902   0.06683   0.02219    0.0467
     11/49        0G   0.04754   0.02216   0.04449    0.1142        38       416   0.01996    0.1255   0.01794  0.006615   0.06857   0.02243   0.04675
     12/49        0G   0.04664     0.022   0.04435     0.113        37       416   0.02759    0.1736   0.02061  0.008806   0.06702   0.02271   0.04695
     13/49        0G   0.04636   0.02177   0.04426    0.1124        29       416     0.063    0.1625   0.02588   0.01035   0.06509   0.02243    0.0469
     14/49        0G   0.04519   0.02205   0.04437    0.1116        40       416   0.07337   0.07523   0.02116  0.008731   0.06483   0.02193     0.047
     15/49        0G   0.04519    0.0216   0.04411    0.1109        25       416     0.378   0.07563   0.02539   0.01169    0.0628   0.02278   0.04687
     16/49        0G   0.04502   0.02157    0.0441    0.1107        14       416   0.03578    0.1872     0.031   0.01416   0.06402   0.02223   0.04681
     17/49        0G   0.04453   0.02156   0.04393      0.11        42       416   0.02886    0.1687   0.02815   0.01241   0.06316   0.02282   0.04663
     18/49        0G   0.04402   0.02202    0.0439    0.1099        35       416    0.1459    0.0842   0.02537   0.01197   0.06312   0.02403   0.04681
     19/49        0G   0.04404   0.02167    0.0437    0.1094        18       416    0.1574    0.1203   0.03357   0.01563   0.06201   0.02304   0.04679
     20/49        0G   0.04394   0.02227   0.04368    0.1099        21       416    0.2715    0.1317   0.04171   0.01982   0.06108   0.02146   0.04638
     21/49        0G   0.04262   0.02197   0.04328    0.1079        56       416    0.3489    0.1152   0.04175   0.02064   0.05962   0.02142   0.04635
     22/49        0G   0.04298   0.02159   0.04336    0.1079        37       416    0.2142     0.155   0.04346   0.02091   0.05868   0.02193   0.04642
     23/49        0G   0.04316   0.02183   0.04307    0.1081        13       416    0.4798    0.1226   0.04768   0.02374   0.05906   0.02151   0.04609
     24/49        0G    0.0428   0.02161   0.04316    0.1076        36       416     0.337    0.1496   0.04811   0.02644    0.0586   0.02105   0.04626
     25/49        0G   0.04238   0.02142   0.04293    0.1067        18       416    0.3934    0.1326   0.04517   0.02297   0.05848   0.02171   0.04627
     26/49        0G   0.04189   0.02229   0.04288    0.1071        21       416    0.2523    0.1886   0.05334   0.02683   0.05828   0.02109   0.04619
     27/49        0G   0.04178   0.02184   0.04278    0.1064        22       416    0.4756     0.153   0.05669   0.03066   0.05748   0.02114   0.04604
     28/49        0G   0.04178   0.02264   0.04239    0.1068        26       416    0.3172    0.1705   0.05305   0.02711   0.05678   0.02086   0.04604
     29/49        0G   0.04169   0.02252   0.04257    0.1068        36       416    0.1977    0.1967     0.053   0.02701    0.0571   0.02123   0.04579
     30/49        0G   0.04124   0.02231   0.04233    0.1059        46       416   0.08071    0.2729   0.05545   0.02929   0.05635   0.02075   0.04575
     31/49        0G   0.04134   0.02197   0.04235    0.1057        51       416    0.4194    0.1809   0.05587   0.02873   0.05519   0.02105   0.04576
     32/49        0G   0.04114   0.02189   0.04229    0.1053        31       416    0.5677     0.127   0.06047   0.03088   0.05487   0.02103   0.04572
     33/49        0G   0.04179   0.02235   0.04204    0.1062        45       416    0.4024    0.1579   0.06269   0.03529   0.05473   0.02103   0.04553
     34/49        0G   0.04104   0.02238    0.0421    0.1055        14       416    0.4134    0.1849   0.06199   0.03205   0.05476   0.02087   0.04561
     35/49        0G   0.04075   0.02191   0.04191    0.1046        28       416    0.4726    0.1723   0.06534   0.03491   0.05404   0.02052   0.04577
     36/49        0G    0.0407   0.02189   0.04202    0.1046        20       416    0.1345    0.2857   0.06696   0.03633   0.05383   0.02058   0.04549
     37/49        0G   0.04028   0.02195   0.04157    0.1038        28       416    0.2894    0.2115   0.05944   0.03049   0.05331   0.02105   0.04545
     38/49        0G   0.03996   0.02165   0.04154    0.1032        15       416    0.4447     0.178   0.06391    0.0331   0.05364   0.02058   0.04553
     39/49        0G   0.04023   0.02157   0.04147    0.1033        33       416    0.4448    0.1704   0.06655   0.03425   0.05298   0.02079   0.04554
     40/49        0G    0.0408   0.02207   0.04147    0.1043        19       416    0.1322    0.2908   0.06548   0.03408   0.05286   0.02038   0.04544
     41/49        0G   0.04024   0.02184   0.04176    0.1038        33       416    0.2867    0.2311   0.06896   0.03647   0.05243   0.02053   0.04554
     42/49        0G   0.03994   0.02252   0.04155     0.104        17       416     0.438    0.1725   0.06808   0.03614   0.05282   0.02141   0.04557
     43/49        0G   0.03971   0.02247   0.04171    0.1039        64       416    0.1418    0.2877   0.07135   0.03858   0.05223   0.02064   0.04542
     44/49        0G   0.04011   0.02224   0.04131    0.1037        32       416    0.1427     0.296   0.07077    0.0363   0.05214   0.02066   0.04549
     45/49        0G   0.03981   0.02174   0.04121    0.1028        27       416    0.3673    0.2175   0.07085   0.03705   0.05219   0.02075   0.04533
     46/49        0G   0.03989   0.02177   0.04114    0.1028        20       416    0.3404    0.1958   0.07193   0.03927   0.05213   0.02072   0.04529
     47/49        0G   0.03968   0.02156   0.04125    0.1025        13       416    0.4083    0.1844   0.07615   0.04023   0.05169   0.02048   0.04549
     48/49        0G   0.03969   0.02192   0.04124    0.1029         9       416     0.372    0.2013     0.075   0.04074   0.05188   0.02078   0.04532
    49/299        0G   0.03899   0.02181   0.04093    0.1017        18       416    0.4814    0.1586   0.07494   0.03984   0.05149   0.02054   0.04531
    50/299        0G   0.04143   0.02208   0.04149     0.105        33       416   0.05111    0.3448   0.06424   0.03277   0.05481   0.02077   0.04535
    51/299        0G   0.04144   0.02216   0.04127    0.1049         9       416    0.4159     0.154   0.06079   0.03175   0.05434   0.02084   0.04577
    52/299        0G   0.04127   0.02224   0.04112    0.1046        21       416    0.3847    0.1977   0.08188   0.04351   0.05467   0.02071   0.04556
    53/299        0G   0.04109   0.02236   0.04104    0.1045        37       416    0.4489    0.1717   0.07713   0.04286   0.05311   0.02083   0.04589
    54/299        0G   0.04104   0.02227   0.04112    0.1044        14       416    0.1074    0.2765   0.07503    0.0403   0.05323    0.0208   0.04536
    55/299        0G   0.04164    0.0211   0.04039    0.1031        35       416    0.4941    0.1731   0.08375   0.04463   0.05265   0.02072   0.04567
    56/299        0G   0.04112   0.02141   0.04031    0.1028        55       416    0.3187    0.2152   0.08588   0.04476   0.05225   0.02072   0.04555
    57/299        0G   0.04064   0.02182   0.04031    0.1028        36       416    0.1616    0.2526   0.08857   0.04953   0.05302   0.02085   0.04509
    58/299        0G   0.04041   0.02114   0.04026    0.1018        43       416    0.2443    0.2011   0.09046   0.04644   0.05264   0.02124   0.04518
    59/299        0G   0.04038   0.02103    0.0401    0.1015        35       416    0.3947    0.1875   0.09461   0.05219   0.05126   0.02075   0.04509
    60/299        0G   0.04076   0.02217   0.03995    0.1029        38       416     0.173    0.2536   0.09566    0.0517   0.05177   0.02088    0.0448
    61/299        0G   0.04037   0.02188   0.03966    0.1019        37       416    0.5076    0.1791   0.09034   0.04743   0.05229   0.02131   0.04513
    62/299        0G   0.04048   0.02163   0.03952    0.1016        29       416    0.4294    0.2035   0.09996   0.05426   0.05195   0.02055   0.04496
    63/299        0G      0.04   0.02179   0.03925     0.101        40       416    0.1226    0.3039    0.0954   0.05282   0.05172   0.02039   0.04502
    64/299        0G   0.04037   0.02141   0.03954    0.1013        25       416    0.2151    0.2741    0.1104   0.06082   0.05035   0.02036   0.04508
    65/299        0G   0.04046   0.02127   0.03931     0.101        14       416    0.1449    0.2661    0.1014   0.05753   0.04984   0.02086   0.04513
    66/299        0G   0.04022   0.02123   0.03917    0.1006        42       416    0.2129    0.2912    0.1011   0.05459   0.05066   0.02059   0.04474
    67/299        0G   0.04033   0.02154   0.03892    0.1008        35       416    0.4663    0.1754    0.1107   0.06198    0.0505   0.02039   0.04462
    68/299        0G   0.04019   0.02128   0.03877    0.1002        18       416    0.4645    0.2047    0.1175   0.06353   0.05024   0.02057   0.04464
    69/299        0G   0.04021    0.0218   0.03878    0.1008        21       416    0.3811     0.238     0.122    0.0694   0.04962   0.02007   0.04453
    70/299        0G    0.0394   0.02139   0.03843   0.09921        56       416    0.2652    0.2293    0.1171   0.06556   0.04916   0.02052   0.04432
    71/299        0G   0.03979     0.021   0.03825   0.09905        37       416    0.3638    0.2381    0.1194   0.06693    0.0485   0.02045   0.04463
    72/299        0G   0.04008   0.02142   0.03812   0.09962        13       416    0.3215    0.2274    0.1372   0.07704   0.04821   0.02073   0.04352
    73/299        0G   0.03994   0.02114   0.03817   0.09926        36       416    0.1445    0.3047    0.1354   0.07681   0.04838   0.02039   0.04382
    74/299        0G   0.03977   0.02085   0.03778    0.0984        18       416    0.4042     0.231    0.1326   0.07416   0.04875   0.01984   0.04413
    75/299        0G   0.03954   0.02171   0.03781   0.09906        21       416    0.3536    0.2468    0.1361   0.07474    0.0489   0.01978   0.04407
    76/299        0G   0.03925   0.02119   0.03745   0.09788        22       416    0.4419    0.2207    0.1373   0.07557   0.04859   0.02022   0.04398
    77/299        0G   0.03965   0.02193   0.03695   0.09853        26       416    0.1531    0.3036     0.139   0.07971   0.04915   0.02045   0.04324
    78/299        0G   0.03969   0.02193   0.03736   0.09898        36       416    0.2795    0.2697    0.1357   0.07717   0.04829   0.02054   0.04366
    79/299        0G   0.03951   0.02158    0.0369     0.098        46       416      0.24    0.2849     0.147   0.08485   0.04775   0.02025   0.04319
    80/299        0G   0.03969   0.02126   0.03701   0.09796        51       416    0.1853    0.2811    0.1431   0.07932   0.04744   0.02011   0.04335
    81/299        0G   0.03935   0.02125   0.03676   0.09736        31       416    0.2416    0.3087    0.1537   0.09002   0.04726   0.02035   0.04357
    82/299        0G   0.04029   0.02168   0.03667   0.09864        45       416    0.2389    0.3251    0.1532   0.08719   0.04818   0.02009   0.04325
    83/299        0G   0.03963    0.0217   0.03651   0.09784        14       416    0.2108    0.2838    0.1527   0.08863   0.04768   0.02039   0.04327
    84/299        0G    0.0394   0.02124   0.03651   0.09715        28       416    0.2562    0.2877    0.1487   0.08242   0.04781   0.02016   0.04357
    85/299        0G   0.03939   0.02116    0.0364   0.09695        20       416     0.244    0.2884    0.1514   0.08307   0.04727   0.02026    0.0432
    86/299        0G   0.03932   0.02115   0.03588   0.09635        28       416    0.2596     0.228    0.1559   0.09036   0.04792   0.02038   0.04267
    87/299        0G   0.03902   0.02084   0.03583   0.09569        15       416       0.3    0.2669    0.1593   0.08853    0.0473    0.0202   0.04381
    88/299        0G   0.03928   0.02073   0.03557   0.09558        33       416     0.339    0.2522    0.1658   0.09453   0.04688    0.0204   0.04304
    89/299        0G   0.03994   0.02124   0.03556   0.09674        19       416    0.5141    0.2205     0.177   0.09793   0.04676   0.02021    0.0433
    90/299        0G   0.03935   0.02115   0.03604   0.09654        33       416    0.3002    0.2909    0.1698   0.09627   0.04709   0.02013   0.04264
    91/299        0G    0.0391   0.02167   0.03552   0.09629        17       416    0.2232    0.2994    0.1784    0.1036   0.04715   0.02023   0.04324
    92/299        0G   0.03915   0.02162   0.03565   0.09643        64       416    0.2279    0.2984    0.1705   0.09746   0.04719   0.01995   0.04226
    93/299        0G   0.03951   0.02139    0.0352    0.0961        32       416    0.4053    0.2572    0.1868    0.1042   0.04605   0.02012   0.04276
    94/299        0G   0.03916   0.02089   0.03507   0.09512        27       416    0.1819    0.3445     0.179   0.09977   0.04607   0.02011   0.04248
    95/299        0G   0.03918   0.02093   0.03486   0.09498        20       416    0.1355     0.346    0.1806    0.1023   0.04622   0.02019   0.04208
    96/299        0G   0.03933   0.02068   0.03498   0.09499        13       416    0.1242    0.3619    0.1752    0.1001   0.04639   0.02018   0.04272
    97/299        0G   0.03928   0.02106   0.03471   0.09504         9       416    0.2786    0.3125     0.195    0.1121   0.04548   0.01977   0.04235
    98/299        0G   0.03905   0.02164   0.03491   0.09559        38       416     0.176    0.3935    0.2049    0.1167   0.04578   0.01977   0.04215
    99/299        0G   0.03875   0.02126   0.03454   0.09456        29       416    0.2317     0.343    0.2083    0.1204   0.04652   0.02007   0.04187
   100/299        0G     0.039   0.02102   0.03479   0.09481        39       416    0.2769     0.345    0.2082    0.1195   0.04589   0.01995   0.04182
   101/299        0G    0.0394   0.02122   0.03415   0.09476        18       416     0.402    0.2772    0.2133    0.1232   0.04547   0.01981   0.04162
   102/299        0G   0.03914   0.02066   0.03403   0.09384        21       416    0.1458    0.3845    0.2074     0.123   0.04579   0.01954   0.04191
   103/299        0G   0.03921   0.02013   0.03373   0.09307         8       416    0.2804     0.333     0.223    0.1283   0.04581   0.01973   0.04163
   104/299        0G   0.03919   0.02108   0.03447   0.09474        21       416    0.4308    0.2891    0.1988    0.1176   0.04618   0.02009   0.04212
   105/299        0G   0.03885   0.02047   0.03342   0.09274        16       416    0.4385    0.2751    0.2206    0.1276   0.04459   0.01977    0.0415
   106/299        0G   0.03951   0.02075   0.03385   0.09411        22       416    0.4238     0.237    0.2174    0.1241   0.04477   0.02009   0.04164
   107/299        0G   0.03872    0.0204   0.03366   0.09277        23       416    0.3731     0.299    0.2334    0.1358   0.04549   0.01986   0.04115
   108/299        0G   0.03873   0.02104   0.03302   0.09279        42       416    0.2947     0.306    0.2294    0.1315   0.04471   0.01983   0.04141
   109/299        0G   0.03936    0.0214   0.03331   0.09406        32       416     0.263    0.3436    0.2259    0.1283   0.04549   0.01994   0.04094
   110/299        0G   0.03904   0.02081   0.03312   0.09297        49       416    0.1892    0.3978    0.2236    0.1289   0.04476   0.01977   0.04164
   111/299        0G   0.03893   0.02066   0.03303   0.09263        21       416    0.3093    0.3253    0.2355    0.1359   0.04543   0.01983   0.04091
   112/299        0G   0.03841   0.02061   0.03278    0.0918        25       416    0.2583    0.3557    0.2391    0.1373   0.04522   0.01964   0.04097
   113/299        0G    0.0387   0.02093     0.033   0.09264        20       416    0.2769    0.3404    0.2478    0.1482   0.04489   0.01981   0.04103
   114/299        0G   0.03882    0.0208   0.03257    0.0922        41       416    0.1657    0.4054    0.2391    0.1417   0.04521   0.01957   0.04068
   115/299        0G   0.03853   0.02042   0.03234   0.09129        24       416    0.1618    0.4089    0.2345    0.1375   0.04447   0.01976   0.04105
   116/299        0G   0.03888   0.02012   0.03269   0.09169        15       416    0.2381    0.4154    0.2495    0.1464   0.04453   0.01974   0.04094
   117/299        0G   0.03837   0.02065   0.03263   0.09165        27       416    0.2009    0.3704    0.2406    0.1393   0.04523   0.01975   0.04076
   118/299        0G   0.03918   0.02067   0.03234   0.09219        56       416    0.3293    0.3174    0.2539    0.1486   0.04501   0.01956    0.0406
   119/299        0G   0.03852   0.02076   0.03212    0.0914        15       416     0.212    0.3772    0.2574    0.1484   0.04443   0.01992   0.04017
   120/299        0G   0.03891   0.02071   0.03171   0.09134        29       416    0.1881    0.4314    0.2546    0.1464   0.04491   0.01964   0.04109
   121/299        0G   0.03844   0.02066   0.03265   0.09176        35       416    0.2557    0.3624    0.2631    0.1524   0.04462   0.01977   0.04023
   122/299        0G   0.03861   0.02007   0.03213   0.09081        38       416      0.21    0.3946     0.251    0.1453   0.04463   0.01964   0.04117
   123/299        0G   0.03829   0.02085   0.03232   0.09147        37       416    0.2216    0.4327     0.255    0.1512   0.04459   0.01964   0.04034
   124/299        0G   0.03831   0.02062   0.03179   0.09072        11       416    0.2276    0.4166    0.2425    0.1391   0.04451   0.01964    0.0406
   125/299        0G    0.0386   0.02018    0.0313   0.09009        21       416    0.2651    0.3298    0.2478    0.1389   0.04504   0.01968   0.04062
   126/299        0G   0.03894   0.02086   0.03195   0.09175        17       416     0.253    0.3854    0.2538    0.1524   0.04459   0.01977   0.04061
   127/299        0G   0.03913   0.02045    0.0319   0.09147        31       416      0.24    0.3888    0.2657    0.1617   0.04357   0.01949   0.04072
   128/299        0G   0.03852   0.02083   0.03116   0.09051        67       416    0.2245    0.4071    0.2511    0.1497   0.04409   0.01975   0.04083
   129/299        0G    0.0386   0.02099   0.03187   0.09146        27       416     0.209    0.4287    0.2602    0.1549   0.04406   0.01956   0.04065
   130/299        0G   0.03835   0.02035   0.03121    0.0899        14       416    0.2407    0.4026    0.2653    0.1546   0.04348   0.01955   0.04029
   131/299        0G    0.0387   0.02107   0.03154   0.09131        31       416    0.2715    0.3415    0.2577    0.1529   0.04405   0.01962   0.03997
   132/299        0G   0.03845   0.01968   0.03099   0.08912        24       416     0.249    0.3518    0.2637    0.1572   0.04412    0.0196   0.03985
   133/299        0G   0.03876   0.02048   0.03134   0.09058        19       416    0.2424     0.427    0.2722    0.1611    0.0437   0.01953   0.03998
   134/299        0G   0.03806   0.02056   0.03107   0.08969        29       416     0.305    0.3537    0.2649    0.1568   0.04364   0.01975   0.04003
   135/299        0G   0.03841   0.02035   0.03134    0.0901        31       416    0.2689    0.3868    0.2644    0.1587   0.04355   0.01975   0.03999
   136/299        0G   0.03864   0.02074   0.03081   0.09019         8       416    0.2748    0.3872    0.2686    0.1603   0.04354   0.01957   0.03985
   137/299        0G   0.03878    0.0203   0.03047   0.08954        12       416    0.2441    0.3794    0.2617    0.1563   0.04361   0.01979   0.03986
   138/299        0G   0.03865   0.02033   0.03101   0.08998        26       416    0.2402     0.407    0.2886    0.1747   0.04347   0.01946   0.03997
   139/299        0G   0.03804   0.02058   0.03066   0.08928        21       416    0.2346    0.4166    0.2906     0.175   0.04358   0.01966   0.03937
   140/299        0G   0.03803    0.0199   0.03002   0.08795        47       416    0.2778    0.3728    0.2746    0.1645   0.04344   0.01978    0.0395
   141/299        0G   0.03789    0.0207   0.02982   0.08842        31       416    0.2934    0.3616    0.2855    0.1714   0.04396   0.01963   0.03916
   142/299        0G   0.03782   0.02032   0.03039   0.08853        28       416    0.2409    0.4326    0.2962    0.1746   0.04367   0.01995    0.0393
   143/299        0G   0.03833   0.02071   0.03024   0.08928        32       416    0.2542    0.4371    0.2899    0.1742   0.04366   0.01965    0.0389
   144/299        0G   0.03818   0.02009   0.03023    0.0885        30       416    0.2275    0.4334    0.2807    0.1677   0.04383    0.0198   0.03982
   145/299        0G   0.03818   0.02065    0.0301   0.08894        71       416    0.2936     0.371    0.2846     0.168   0.04432   0.01981   0.03929
   146/299        0G   0.03834   0.02003   0.03002   0.08839        51       416    0.2325    0.4282    0.2883    0.1731    0.0439   0.01956    0.0394
   147/299        0G   0.03797   0.02055   0.03007   0.08859        27       416    0.2495    0.4045    0.2883    0.1718   0.04419   0.01981   0.03901
   148/299        0G   0.03791   0.02077   0.02954   0.08822        65       416    0.2665    0.4176    0.2879    0.1717   0.04325   0.01964   0.03934
   149/299        0G   0.03738   0.02017   0.02981   0.08736        33       416    0.2357    0.4242     0.292    0.1747     0.043   0.01955    0.0394
   150/299        0G   0.03797   0.02103   0.02929   0.08829        24       416    0.2772     0.369    0.2896    0.1754   0.04307   0.01968   0.03881
   151/299        0G   0.03785   0.02022    0.0299   0.08797        23       416     0.272    0.3904    0.2938    0.1771   0.04323    0.0196   0.03915
   152/299        0G   0.03836   0.02011   0.02965   0.08812        21       416    0.3123    0.3687    0.2961    0.1772   0.04326   0.01959   0.03913
   153/299        0G   0.03754   0.01941   0.03014   0.08709        21       416    0.2308    0.4351    0.3097    0.1836   0.04337   0.01973   0.03959
   154/299        0G    0.0379      0.02   0.02941   0.08731        33       416    0.3468    0.3532    0.3017    0.1803    0.0434   0.01981   0.03888
   155/299        0G   0.03802   0.02034   0.02907   0.08744        17       416    0.3059    0.3648    0.3062    0.1838   0.04301   0.01973    0.0387
   156/299        0G   0.03756   0.02047   0.02924   0.08727        12       416    0.3191    0.3366    0.2989    0.1789   0.04319    0.0197   0.03877
   157/299        0G   0.03759   0.02019   0.02908   0.08686        45       416    0.3106    0.3804     0.311    0.1906     0.043   0.01985   0.03832
   158/299        0G     0.038   0.01989   0.02894   0.08683        36       416    0.3561     0.344    0.3167    0.1917   0.04292   0.01984   0.03867
   159/299        0G   0.03771   0.01992   0.02921   0.08683        22       416    0.3183    0.3454     0.316    0.1956   0.04279   0.01978   0.03854
   160/299        0G   0.03754   0.01963   0.02924   0.08641        16       416    0.3052    0.3747    0.3108    0.1913   0.04308   0.01965   0.03837
   161/299        0G   0.03736   0.01967   0.02882   0.08585        16       416    0.2876    0.4097     0.323    0.1962   0.04319   0.01983   0.03728
   162/299        0G   0.03742   0.01979   0.02883   0.08605        36       416    0.3216     0.359    0.3067    0.1865   0.04282   0.01964   0.03763
   163/299        0G   0.03751   0.02044   0.02826   0.08621        61       416    0.2832    0.3912    0.3155    0.1917   0.04324   0.01974   0.03849
   164/299        0G   0.03751   0.01997   0.02837   0.08585        16       416    0.3077    0.3946     0.323    0.1943   0.04273   0.01977   0.03814
   165/299        0G   0.03816   0.02051   0.02861   0.08727        40       416    0.4542    0.3307    0.3282    0.1968   0.04275      0.02    0.0381
   166/299        0G   0.03796   0.01987    0.0285   0.08632        24       416    0.2893    0.4167    0.3285    0.1991   0.04254   0.01975     0.038
   167/299        0G   0.03754    0.0202   0.02843   0.08617        17       416     0.353    0.3748    0.3287    0.2005   0.04282   0.01981   0.03793
   168/299        0G   0.03742   0.02021   0.02834   0.08598        43       416    0.4311    0.3392    0.3322    0.1992   0.04324   0.01976   0.03747
   169/299        0G   0.03766   0.02008    0.0283   0.08604        43       416    0.4561    0.3077    0.3299    0.1993   0.04275   0.01997   0.03779
   170/299        0G   0.03778   0.02038   0.02801   0.08617        20       416     0.262    0.4543    0.3222    0.1918   0.04262   0.01968   0.03763
   171/299        0G   0.03754   0.02023   0.02793    0.0857        27       416    0.2978    0.4184    0.3232    0.1925   0.04292   0.01983    0.0376
   172/299        0G    0.0371   0.02015   0.02744   0.08469        26       416     0.307    0.3761    0.3289    0.2002     0.043   0.01966   0.03758
   173/299        0G   0.03735   0.01971   0.02825   0.08531        51       416    0.3792    0.3421    0.3221    0.1955   0.04297   0.01972   0.03795
   174/299        0G   0.03767   0.01952   0.02855   0.08574         9       416    0.3074    0.3834    0.3226    0.1989   0.04245   0.01985   0.03802
   175/299        0G   0.03735   0.01976   0.02809   0.08521        29       416    0.3123    0.3893    0.3256     0.203   0.04263   0.01975   0.03743
   176/299        0G   0.03695   0.01946    0.0279   0.08431        16       416    0.3391    0.3673    0.3265    0.2004   0.04244   0.01984   0.03736
   177/299        0G   0.03743   0.01973   0.02812   0.08528        21       416    0.4227    0.3633    0.3378    0.2088   0.04178   0.01971   0.03741
   178/299        0G   0.03735   0.02013   0.02827   0.08575        32       416    0.2956    0.4441    0.3421    0.2124   0.04253   0.01981   0.03686
   179/299        0G   0.03714   0.01957   0.02747   0.08418        38       416    0.3064     0.445    0.3375    0.2105   0.04238   0.01977   0.03691
   180/299        0G    0.0378   0.02009   0.02776   0.08565        35       416    0.3172    0.4054    0.3334    0.2037   0.04228   0.01981   0.03679
   181/299        0G   0.03738   0.01991   0.02718   0.08446        27       416    0.3373    0.3818    0.3423    0.2088   0.04252   0.01994   0.03656
   182/299        0G   0.03696   0.01949   0.02772   0.08417        23       416    0.3411    0.3844    0.3444    0.2121   0.04256   0.01995   0.03655
   183/299        0G    0.0372   0.01999   0.02738   0.08456        17       416    0.3323    0.4088     0.347    0.2126   0.04235   0.01996   0.03703
   184/299        0G    0.0375   0.01979   0.02744   0.08474        30       416    0.3743    0.3815    0.3484    0.2084    0.0425   0.01988   0.03671
   185/299        0G   0.03714    0.0199   0.02728   0.08432        13       416    0.3464     0.389    0.3383    0.2062    0.0422   0.02002   0.03611
   186/299        0G   0.03725   0.02047   0.02733   0.08505        37       416    0.3226    0.3935    0.3409    0.2088    0.0419   0.01987   0.03633
   187/299        0G   0.03702   0.02006   0.02708   0.08416        15       416    0.3876    0.3537    0.3462    0.2108   0.04222   0.01989    0.0362
   188/299        0G   0.03724   0.02022    0.0268   0.08426        43       416    0.2923    0.4269     0.346    0.2128   0.04225   0.01996    0.0362
   189/299        0G   0.03727   0.01952    0.0269   0.08369        29       416    0.3327    0.3985    0.3574    0.2174   0.04206   0.01995   0.03666
   190/299        0G   0.03682    0.0199   0.02684   0.08355        37       416    0.3356    0.4325    0.3604    0.2219   0.04208   0.01998   0.03658
   191/299        0G   0.03722   0.01976   0.02665   0.08363        54       416    0.3915    0.3777    0.3547    0.2183   0.04178   0.02018   0.03665
   192/299        0G   0.03711   0.01942   0.02707   0.08359        28       416    0.3521    0.4096     0.345    0.2153    0.0421   0.02016   0.03689
   193/299        0G   0.03676   0.01972   0.02654   0.08303        13       416     0.353    0.3903    0.3498    0.2155   0.04189   0.02002   0.03662
   194/299        0G   0.03686   0.01934    0.0271   0.08331        19       416    0.3562    0.4062    0.3541     0.219   0.04204   0.02035   0.03593
   195/299        0G   0.03661    0.0199   0.02684   0.08336        54       416    0.3113    0.4253    0.3587    0.2141   0.04203   0.01998   0.03652
   196/299        0G   0.03719   0.01977   0.02669   0.08365        24       416    0.3553    0.3983    0.3519    0.2126   0.04182    0.0202   0.03645
   197/299        0G   0.03708   0.01985   0.02686   0.08379        25       416    0.3264    0.4249    0.3603    0.2202   0.04194    0.0203   0.03608
   198/299        0G   0.03701   0.01952   0.02657    0.0831        26       416    0.3782    0.4049    0.3618    0.2214   0.04182   0.02042   0.03591
   199/299        0G    0.0365   0.01936   0.02574   0.08159        25       416    0.3607    0.4265    0.3656    0.2236   0.04204   0.02017   0.03552
   200/299        0G   0.03711   0.01966   0.02575   0.08252        36       416    0.3979    0.3851    0.3688    0.2248   0.04199   0.02021   0.03516
   201/299        0G   0.03661   0.01938   0.02615   0.08214        38       416    0.3794    0.3965     0.366      0.22    0.0418   0.02017   0.03575
   202/299        0G   0.03645   0.01974   0.02589   0.08208        15       416    0.3609    0.4174    0.3562    0.2176   0.04173   0.02015   0.03581
   203/299        0G    0.0367   0.01918   0.02655   0.08242        15       416     0.344    0.4074    0.3565    0.2217   0.04202   0.02014   0.03599
   204/299        0G   0.03707   0.02011   0.02588   0.08306        46       416    0.3547    0.3991     0.352     0.219   0.04211   0.02027   0.03587
   205/299        0G   0.03684   0.01973   0.02592   0.08249        44       416    0.3539    0.4023    0.3441    0.2101   0.04205   0.02028   0.03576
   206/299        0G   0.03672   0.01927   0.02553   0.08152        52       416    0.3189    0.4209    0.3396    0.2129   0.04199   0.02043    0.0356
   207/299        0G   0.03708   0.01942   0.02608   0.08258        28       416    0.3101    0.4281    0.3399    0.2106   0.04194   0.02053   0.03581
   208/299        0G   0.03623   0.01934   0.02513    0.0807        38       416    0.3647    0.4124    0.3509    0.2137   0.04189   0.02052   0.03574
   209/299        0G   0.03674   0.01948   0.02578   0.08201        43       416    0.3223    0.4706    0.3588    0.2188   0.04181   0.02052   0.03543
   210/299        0G   0.03675   0.01934   0.02554   0.08163        17       416    0.3726    0.4224    0.3654    0.2249   0.04178   0.02047   0.03541
   211/299        0G   0.03678   0.01954   0.02567   0.08199        26       416    0.3539    0.4458    0.3699    0.2264   0.04178    0.0204   0.03561
   212/299        0G   0.03686   0.01892   0.02525   0.08104         9       416    0.3611    0.4361    0.3646    0.2223   0.04172   0.02043   0.03583
   213/299        0G   0.03671   0.01955   0.02499   0.08125        59       416    0.3551    0.4351    0.3692    0.2257   0.04169   0.02039   0.03562
   214/299        0G   0.03717   0.01991   0.02507   0.08215        14       416    0.3611    0.4013    0.3629    0.2271   0.04192   0.02045   0.03522
   215/299        0G     0.037   0.01946   0.02588   0.08234        37       416    0.4102     0.386    0.3721    0.2312   0.04187   0.02032   0.03532
   216/299        0G   0.03646   0.01878    0.0256   0.08083        48       416    0.4458    0.3849    0.3718    0.2303   0.04167   0.02037   0.03536
   217/299        0G    0.0367   0.01943   0.02594   0.08207        32       416    0.4026    0.3693    0.3624    0.2248   0.04169    0.0203   0.03536
   218/299        0G   0.03666   0.01875   0.02483   0.08023        46       416    0.3659    0.4121    0.3639    0.2255    0.0415   0.02041   0.03511
   219/299        0G   0.03656    0.0194   0.02513   0.08109        19       416    0.3694    0.4072    0.3635    0.2244   0.04127    0.0205   0.03515
   220/299        0G   0.03626   0.01951   0.02441   0.08018        46       416    0.3377    0.4443    0.3629    0.2237   0.04149   0.02045    0.0349
   221/299        0G   0.03672   0.01917   0.02503   0.08092        35       416    0.3101    0.4663    0.3712     0.228   0.04127   0.02054   0.03458
   222/299        0G   0.03679   0.01919   0.02482   0.08081        39       416     0.312    0.4662    0.3698    0.2243   0.04122   0.02062   0.03496
   223/299        0G   0.03684   0.01918   0.02468   0.08071        31       416    0.4105    0.3816    0.3711     0.226   0.04133   0.02073   0.03499
   224/299        0G   0.03634   0.01901   0.02499   0.08034        30       416    0.3629    0.4081    0.3594    0.2176   0.04142   0.02061   0.03514
   225/299        0G   0.03613   0.01924   0.02478   0.08015        17       416    0.3585    0.4097     0.367    0.2253   0.04137   0.02054   0.03511
   226/299        0G   0.03632   0.01942   0.02391   0.07965        55       416    0.3757    0.3974    0.3661    0.2243   0.04137   0.02061   0.03494
   227/299        0G   0.03605   0.01927   0.02437    0.0797        41       416    0.3545     0.431    0.3652    0.2247   0.04147   0.02059   0.03491
   228/299        0G   0.03658   0.02001   0.02463   0.08122        37       416    0.3087     0.472    0.3652    0.2257   0.04129   0.02063   0.03475
   229/299        0G   0.03629   0.01909   0.02468   0.08005        27       416    0.3231    0.4642    0.3714    0.2288   0.04126   0.02062   0.03493
   230/299        0G   0.03614   0.01969   0.02374   0.07958        45       416     0.374    0.4167    0.3732    0.2308    0.0411   0.02061   0.03485
   231/299        0G   0.03629   0.01944    0.0243   0.08003        23       416    0.3252    0.4531    0.3703    0.2266   0.04131   0.02056   0.03448
   232/299        0G   0.03662   0.01957   0.02474   0.08093        35       416    0.3322    0.4223    0.3679    0.2227    0.0413   0.02063   0.03449
   233/299        0G   0.03652   0.01998    0.0246   0.08109        58       416    0.3007    0.4891    0.3679    0.2247   0.04125   0.02064   0.03448
   234/299        0G   0.03599   0.01905   0.02437   0.07941        29       416    0.3136    0.4733    0.3708    0.2271   0.04127   0.02059   0.03457
   235/299        0G   0.03625   0.01952   0.02444    0.0802        21       416    0.3542    0.4372    0.3762    0.2324   0.04131   0.02064   0.03463
   236/299        0G   0.03638   0.01904    0.0242   0.07961        31       416    0.3957    0.3888    0.3739    0.2322   0.04139   0.02077   0.03469
   237/299        0G   0.03601   0.01854   0.02435    0.0789        36       416    0.3359    0.4537    0.3739    0.2293   0.04134    0.0207   0.03476
   238/299        0G    0.0363   0.01935   0.02379   0.07943        28       416    0.3221    0.4752    0.3755    0.2313   0.04119   0.02066   0.03462
   239/299        0G   0.03658     0.019   0.02416   0.07974        15       416    0.3367    0.4413    0.3708    0.2264   0.04135   0.02073   0.03436
   240/299        0G   0.03575   0.01927   0.02434   0.07936        24       416    0.3911    0.3955     0.366     0.224   0.04141   0.02086   0.03455
   241/299        0G   0.03638   0.01905   0.02435   0.07978        24       416    0.3489    0.4177    0.3604     0.219   0.04155    0.0209   0.03453
   242/299        0G   0.03612   0.01905   0.02356   0.07873        50       416    0.3736    0.4105     0.363    0.2217   0.04162   0.02092   0.03424
   243/299        0G   0.03605   0.01872   0.02363    0.0784        15       416    0.4104    0.3826    0.3718    0.2295    0.0417   0.02105   0.03413
   244/299        0G   0.03633    0.0193   0.02405   0.07967        33       416     0.359    0.4334    0.3693    0.2276   0.04149   0.02081   0.03426
   245/299        0G   0.03626   0.01888   0.02404   0.07918        17       416    0.4109    0.3838    0.3695     0.227   0.04145    0.0208   0.03423
   246/299        0G    0.0362   0.01918   0.02339   0.07876        21       416    0.3873    0.4077    0.3697    0.2317   0.04143   0.02077   0.03418
   247/299        0G   0.03638   0.01898   0.02365   0.07902        33       416    0.3735    0.4176    0.3734    0.2318   0.04141   0.02081   0.03423
   248/299        0G    0.0362   0.01852   0.02406   0.07878        29       416    0.4172    0.3883    0.3699    0.2287   0.04139   0.02082   0.03438
   249/299        0G   0.03629   0.01904   0.02396   0.07929        43       416     0.428    0.3867    0.3803    0.2368    0.0413   0.02068   0.03435
   250/299        0G   0.03647   0.01923   0.02346   0.07916        14       416    0.3758    0.4132    0.3772    0.2365   0.04117   0.02074   0.03434
   251/299        0G   0.03614   0.01899   0.02306   0.07819        34       416    0.4459    0.3691    0.3795    0.2386   0.04125   0.02069    0.0344
   252/299        0G   0.03578   0.01904   0.02241   0.07723        35       416    0.3884    0.4227    0.3819    0.2389   0.04126   0.02073   0.03442
   253/299        0G   0.03548   0.01926   0.02313   0.07788        18       416    0.4138     0.408     0.384    0.2385   0.04119   0.02065   0.03435
   254/299        0G    0.0364   0.01902   0.02389    0.0793        23       416    0.4001    0.4218    0.3857    0.2356   0.04117   0.02063   0.03436
   255/299        0G    0.0361   0.01882   0.02347   0.07839        41       416     0.398    0.4239    0.3844     0.236   0.04118   0.02068   0.03428
   256/299        0G   0.03617   0.01898   0.02371   0.07886        37       416     0.425    0.3897    0.3839    0.2365   0.04101   0.02066   0.03437
   257/299        0G   0.03648   0.01957   0.02322   0.07926        31       416    0.3777     0.431    0.3835     0.237   0.04106   0.02066   0.03415
   258/299        0G    0.0358   0.01895   0.02254   0.07729        50       416    0.3703    0.4475    0.3827    0.2352   0.04097   0.02074   0.03398
   259/299        0G   0.03585   0.01869   0.02293   0.07747        46       416    0.3723    0.4348    0.3805    0.2328   0.04099   0.02086   0.03391
   260/299        0G   0.03625    0.0184   0.02302   0.07767        10       416      0.36    0.4565    0.3813    0.2343   0.04106   0.02089   0.03389
   261/299        0G   0.03623   0.01887   0.02299   0.07809         8       416    0.3458    0.4712    0.3838    0.2377   0.04108    0.0209    0.0338
   262/299        0G   0.03629   0.01917   0.02348   0.07894        32       416    0.3723    0.4504    0.3839    0.2369   0.04109   0.02096   0.03384
   263/299        0G   0.03606   0.01872   0.02267   0.07745         8       416    0.3589    0.4564    0.3812    0.2363   0.04118   0.02104   0.03383
   264/299        0G   0.03623   0.01888   0.02324   0.07834        19       416    0.3719    0.4457    0.3853    0.2395   0.04127   0.02103   0.03379
   265/299        0G   0.03631   0.01907    0.0226   0.07797        31       416     0.397    0.4256    0.3883    0.2399    0.0413   0.02098   0.03371
   266/299        0G   0.03603    0.0183   0.02315   0.07748         9       416    0.4018     0.421    0.3846    0.2363   0.04119    0.0211   0.03374
   267/299        0G   0.03606   0.01901   0.02335   0.07842        24       416    0.3897    0.4221    0.3827    0.2342   0.04118   0.02107   0.03368
   268/299        0G   0.03541   0.01874   0.02246   0.07661        16       416    0.3264    0.4828    0.3794    0.2333    0.0413   0.02107   0.03357
   269/299        0G   0.03581   0.01843   0.02273   0.07697        62       416    0.3533    0.4576     0.382    0.2357   0.04133    0.0211    0.0336
   270/299        0G   0.03563   0.01933   0.02287   0.07783        30       416    0.3876    0.4323    0.3812    0.2365   0.04134   0.02117   0.03362
   271/299        0G   0.03609   0.01899   0.02202   0.07709        20       416     0.373    0.4485    0.3817    0.2369   0.04138   0.02117   0.03352
   272/299        0G   0.03575   0.01925   0.02254   0.07754        35       416    0.3596     0.468    0.3843    0.2388   0.04125   0.02115   0.03347
   273/299        0G   0.03544   0.01848   0.02282   0.07673        28       416    0.3722    0.4669    0.3866    0.2407   0.04142   0.02114   0.03353
   274/299        0G   0.03569   0.01898    0.0225   0.07716        16       416    0.3613    0.4656    0.3801     0.238   0.04147   0.02117   0.03357
   275/299        0G   0.03628   0.01848     0.023   0.07776        41       416    0.3658    0.4571    0.3807    0.2382   0.04155   0.02118   0.03365
   276/299        0G   0.03584   0.01873   0.02288   0.07746        38       416    0.3625    0.4591    0.3814    0.2373    0.0416   0.02123   0.03356
   277/299        0G   0.03619   0.01876   0.02296   0.07791        31       416     0.362    0.4608    0.3823    0.2376   0.04158   0.02119    0.0333
   278/299        0G   0.03605   0.01887   0.02231   0.07724         9       416    0.3606    0.4481    0.3809     0.238   0.04148   0.02121   0.03325
   279/299        0G   0.03546   0.01808   0.02234   0.07588        14       416    0.3897    0.4135    0.3795    0.2381   0.04147   0.02122   0.03338
   280/299        0G   0.03541   0.01857   0.02207   0.07605        19       416    0.3999    0.4093    0.3766    0.2363    0.0415   0.02128   0.03349
   281/299        0G    0.0356   0.01906   0.02221   0.07687        24       416    0.3973    0.4149     0.381    0.2378   0.04151   0.02124   0.03357
   282/299        0G   0.03558   0.01867    0.0227   0.07695        36       416    0.3931    0.4276    0.3839    0.2394   0.04149   0.02119   0.03349
   283/299        0G   0.03564   0.01928   0.02232   0.07725        29       416    0.3894    0.4336    0.3848    0.2413   0.04146   0.02111   0.03342
   284/299        0G   0.03542   0.01845   0.02176   0.07564        35       416    0.3897    0.4394    0.3877    0.2415   0.04137   0.02115   0.03342
   285/299        0G   0.03548   0.01839   0.02259   0.07646        12       416    0.3917    0.4385    0.3894    0.2441   0.04129   0.02117   0.03354
   286/299        0G   0.03593   0.01865   0.02218   0.07675        29       416    0.3872    0.4379    0.3895    0.2441   0.04134   0.02123   0.03353
   287/299        0G   0.03546   0.01879   0.02216    0.0764        12       416    0.3861    0.4335    0.3883    0.2426   0.04134   0.02115   0.03353
   288/299        0G   0.03557   0.01876   0.02207    0.0764        44       416    0.3991    0.4289    0.3912    0.2447   0.04135   0.02109    0.0334
   289/299        0G   0.03554   0.01837   0.02214   0.07605        34       416     0.421    0.4037    0.3842    0.2404    0.0414   0.02115   0.03337
   290/299        0G   0.03584   0.01894   0.02208   0.07685        28       416    0.4242    0.4079    0.3866    0.2406   0.04139   0.02112   0.03336
   291/299        0G    0.0359   0.01915   0.02221   0.07725        75       416     0.434     0.407    0.3866    0.2406   0.04124   0.02116   0.03339
   292/299        0G   0.03593   0.01892   0.02196    0.0768        22       416    0.4514    0.4058    0.3848    0.2413   0.04116   0.02117   0.03325
   293/299        0G   0.03541   0.01871   0.02229   0.07642        20       416    0.4493    0.4138    0.3853    0.2414   0.04122   0.02118    0.0332
   294/299        0G   0.03547    0.0185   0.02234   0.07631        25       416    0.4178    0.4332    0.3836    0.2402   0.04124   0.02121   0.03323
   295/299        0G   0.03566   0.01907   0.02248    0.0772        18       416     0.405    0.4346    0.3845    0.2407    0.0413   0.02119   0.03326
   296/299        0G   0.03565   0.01894   0.02183   0.07642        17       416    0.3884    0.4396    0.3799     0.238   0.04137   0.02124   0.03324
   297/299        0G   0.03599   0.01849   0.02175   0.07624        40       416    0.3889    0.4381    0.3793    0.2389    0.0414   0.02122   0.03323
   298/299        0G   0.03581   0.01891     0.022   0.07672        32       416     0.398    0.4264    0.3821    0.2408    0.0414   0.02119   0.03317
   299/299        0G   0.03605   0.01904   0.02155   0.07665        26       416    0.3659    0.4573    0.3805    0.2399   0.04138   0.02119   0.03303
